
<table style="text-align:center"><tr><td colspan="13" style="border-bottom: 1px solid black"></td></tr><tr><td style="text-align:left"></td><td>PromoIndex</td><td>PanicIndex</td><td>PromoSensitivity</td><td>PLShare</td><td>BrandLoyalty</td><td>HouseholdInventory</td><td>Average_IPT</td><td>Average_Q</td><td>PriceIndex</td><td>Age</td><td>HouseholdSize</td><td>Income</td></tr>
<tr><td colspan="13" style="border-bottom: 1px solid black"></td></tr><tr><td style="text-align:left">PromoIndex</td><td>1</td><td>-0.064</td><td>-0.006</td><td>-0.003</td><td>-0.001</td><td>-0.008</td><td>-0.001</td><td>-0.002</td><td>-0.066</td><td>-0.003</td><td>-0.007</td><td>0.003</td></tr>
<tr><td style="text-align:left">PanicIndex</td><td>-0.064</td><td>1</td><td>0</td><td>0</td><td>0</td><td>0.038</td><td>0</td><td>0</td><td>0.047</td><td>0</td><td>0</td><td>0</td></tr>
<tr><td style="text-align:left">PromoSensitivity</td><td>-0.006</td><td>0</td><td>1</td><td>-0.359</td><td>-0.217</td><td>0</td><td>0.203</td><td>0.476</td><td>-0.001</td><td>0.056</td><td>0.014</td><td>0.044</td></tr>
<tr><td style="text-align:left">PLShare</td><td>-0.003</td><td>0</td><td>-0.359</td><td>1</td><td>0.332</td><td>0</td><td>-0.115</td><td>-0.434</td><td>-0.002</td><td>0.008</td><td>-0.001</td><td>-0.038</td></tr>
<tr><td style="text-align:left">BrandLoyalty</td><td>-0.001</td><td>0</td><td>-0.217</td><td>0.332</td><td>1</td><td>0</td><td>-0.404</td><td>-0.225</td><td>-0.001</td><td>-0.032</td><td>0.103</td><td>0.073</td></tr>
<tr><td style="text-align:left">HouseholdInventory</td><td>-0.008</td><td>0.038</td><td>0</td><td>0</td><td>0</td><td>1</td><td>0</td><td>0</td><td>0.004</td><td>0</td><td>0</td><td>0</td></tr>
<tr><td style="text-align:left">Average_IPT</td><td>-0.001</td><td>0</td><td>0.203</td><td>-0.115</td><td>-0.404</td><td>0</td><td>1</td><td>0.246</td><td>-0.001</td><td>0.107</td><td>-0.196</td><td>-0.100</td></tr>
<tr><td style="text-align:left">Average_Q</td><td>-0.002</td><td>0</td><td>0.476</td><td>-0.434</td><td>-0.225</td><td>0</td><td>0.246</td><td>1</td><td>0.002</td><td>-0.051</td><td>0.140</td><td>0.081</td></tr>
<tr><td style="text-align:left">PriceIndex</td><td>-0.066</td><td>0.047</td><td>-0.001</td><td>-0.002</td><td>-0.001</td><td>0.004</td><td>-0.001</td><td>0.002</td><td>1</td><td>0.0005</td><td>-0.006</td><td>-0.007</td></tr>
<tr><td style="text-align:left">Age</td><td>-0.003</td><td>0</td><td>0.056</td><td>0.008</td><td>-0.032</td><td>0</td><td>0.107</td><td>-0.051</td><td>0.0005</td><td>1</td><td>-0.482</td><td>-0.150</td></tr>
<tr><td style="text-align:left">HouseholdSize</td><td>-0.007</td><td>0</td><td>0.014</td><td>-0.001</td><td>0.103</td><td>0</td><td>-0.196</td><td>0.140</td><td>-0.006</td><td>-0.482</td><td>1</td><td>0.274</td></tr>
<tr><td style="text-align:left">Income</td><td>0.003</td><td>0</td><td>0.044</td><td>-0.038</td><td>0.073</td><td>0</td><td>-0.100</td><td>0.081</td><td>-0.007</td><td>-0.150</td><td>0.274</td><td>1</td></tr>
<tr><td colspan="13" style="border-bottom: 1px solid black"></td></tr></table>
